# Mass_Msun	Radius_km	f_mode_Hz	Quadrupole_Moment_kgm^2	Surface_Redshift	Damping_time_s	Charateristic_Strain_hc	EoS
4.198386e-06	1.100000e-01	2.167428e+03	6.136531e+29	3.029775e-03	9.124802e-02	1.990348e-23	1
1.789575e-05	1.600000e-01	2.497792e+03	9.580962e+29	3.634851e-03	9.122488e-02	1.981276e-23	1
4.685281e-05	2.100000e-01	2.664997e+03	1.439165e+30	4.294119e-03	9.118994e-02	1.972323e-23	1
9.668551e-05	2.600000e-01	2.766109e+03	2.090015e+30	5.007312e-03	9.114323e-02	1.963500e-23	1
1.729777e-04	3.100000e-01	2.833636e+03	2.948061e+30	5.774140e-03	9.108479e-02	1.954820e-23	1
2.812732e-04	3.600000e-01	2.881678e+03	4.053939e+30	6.594293e-03	9.101467e-02	1.946295e-23	1
4.270674e-04	4.100000e-01	2.917364e+03	5.452234e+30	7.467441e-03	9.093293e-02	1.937941e-23	1
6.158002e-04	4.600000e-01	2.944690e+03	7.190905e+30	8.393229e-03	9.083965e-02	1.929725e-23	1
8.528471e-04	5.100000e-01	2.966073e+03	9.321468e+30	9.371287e-03	9.073491e-02	1.921598e-23	1
1.143513e-03	5.600000e-01	2.983058e+03	1.189877e+31	1.040122e-02	9.061882e-02	1.913567e-23	1
1.493023e-03	6.100000e-01	2.996684e+03	1.498099e+31	1.148261e-02	9.049146e-02	1.905637e-23	1
1.906516e-03	6.600000e-01	3.007672e+03	1.862950e+31	1.261503e-02	9.035296e-02	1.897814e-23	1
2.389040e-03	7.100000e-01	3.016538e+03	2.290873e+31	1.379801e-02	9.020344e-02	1.890104e-23	1
2.945540e-03	7.600000e-01	3.023665e+03	2.788615e+31	1.503108e-02	9.004303e-02	1.882514e-23	1
3.580856e-03	8.100000e-01	3.029339e+03	3.363210e+31	1.631375e-02	8.987187e-02	1.875053e-23	1
4.299714e-03	8.600000e-01	3.033781e+03	4.021971e+31	1.764550e-02	8.969010e-02	1.867722e-23	1
5.106723e-03	9.100000e-01	3.037163e+03	4.772460e+31	1.902578e-02	8.949790e-02	1.860463e-23	1
6.006364e-03	9.600000e-01	3.039622e+03	5.622553e+31	2.045403e-02	8.929542e-02	1.853278e-23	1
7.002990e-03	1.010000e+00	3.041267e+03	6.580324e+31	2.192969e-02	8.908283e-02	1.846171e-23	1
8.100817e-03	1.060000e+00	3.042188e+03	7.654100e+31	2.345215e-02	8.886032e-02	1.839146e-23	1
9.303921e-03	1.110000e+00	3.042459e+03	8.852439e+31	2.502079e-02	8.862808e-02	1.832206e-23	1
1.061623e-02	1.160000e+00	3.042141e+03	1.018412e+32	2.663498e-02	8.838630e-02	1.825355e-23	1
1.204153e-02	1.210000e+00	3.041286e+03	1.165814e+32	2.829406e-02	8.813517e-02	1.818597e-23	1
1.358344e-02	1.260000e+00	3.039938e+03	1.328369e+32	2.999734e-02	8.787492e-02	1.811937e-23	1
1.524544e-02	1.310000e+00	3.038134e+03	1.507018e+32	3.174415e-02	8.760575e-02	1.805365e-23	1
1.703082e-02	1.360000e+00	3.035906e+03	1.702719e+32	3.353375e-02	8.732788e-02	1.798847e-23	1
1.894275e-02	1.410000e+00	3.033282e+03	1.916450e+32	3.536543e-02	8.704154e-02	1.792386e-23	1
2.098419e-02	1.460000e+00	3.030288e+03	2.149207e+32	3.723843e-02	8.674696e-02	1.785984e-23	1
2.315796e-02	1.510000e+00	3.026945e+03	2.402005e+32	3.915198e-02	8.644437e-02	1.779643e-23	1
2.546670e-02	1.560000e+00	3.023272e+03	2.675876e+32	4.110530e-02	8.613401e-02	1.773366e-23	1
2.791287e-02	1.610000e+00	3.019287e+03	2.971868e+32	4.309758e-02	8.581612e-02	1.767155e-23	1
3.049878e-02	1.660000e+00	3.015006e+03	3.291050e+32	4.512801e-02	8.549095e-02	1.761013e-23	1
3.322653e-02	1.710000e+00	3.010441e+03	3.634504e+32	4.719576e-02	8.515875e-02	1.754942e-23	1
3.609809e-02	1.760000e+00	3.005607e+03	4.003334e+32	4.929996e-02	8.481977e-02	1.748946e-23	1
3.911521e-02	1.810000e+00	3.000515e+03	4.398660e+32	5.143976e-02	8.447427e-02	1.742989e-23	1
4.227950e-02	1.860000e+00	2.995176e+03	4.821619e+32	5.361427e-02	8.412249e-02	1.737073e-23	1
4.559238e-02	1.910000e+00	2.989600e+03	5.273368e+32	5.582260e-02	8.376471e-02	1.731199e-23	1
4.905510e-02	1.960000e+00	2.983797e+03	5.755085e+32	5.806383e-02	8.340117e-02	1.725368e-23	1
5.266873e-02	2.010000e+00	2.977774e+03	6.267964e+32	6.033706e-02	8.303215e-02	1.719583e-23	1
5.643418e-02	2.060000e+00	2.971542e+03	6.813222e+32	6.264134e-02	8.265790e-02	1.713845e-23	1
6.035219e-02	2.110000e+00	2.965106e+03	7.392098e+32	6.497572e-02	8.227868e-02	1.708155e-23	1
6.442333e-02	2.160000e+00	2.958475e+03	8.005851e+32	6.733925e-02	8.189476e-02	1.702515e-23	1
6.864800e-02	2.210000e+00	2.951656e+03	8.655768e+32	6.973095e-02	8.150639e-02	1.696927e-23	1
7.302645e-02	2.260000e+00	2.944655e+03	9.343155e+32	7.214985e-02	8.111385e-02	1.691387e-23	1
7.755875e-02	2.310000e+00	2.937479e+03	1.006935e+33	7.459496e-02	8.071738e-02	1.685875e-23	1
8.224484e-02	2.360000e+00	2.930135e+03	1.083571e+33	7.706528e-02	8.031725e-02	1.680391e-23	1
8.708447e-02	2.410000e+00	2.922627e+03	1.164363e+33	7.955980e-02	7.991372e-02	1.674936e-23	1
9.207729e-02	2.460000e+00	2.914961e+03	1.249453e+33	8.207751e-02	7.950705e-02	1.669511e-23	1
9.722275e-02	2.510000e+00	2.907144e+03	1.338986e+33	8.461738e-02	7.909747e-02	1.664117e-23	1
1.025202e-01	2.560000e+00	2.899180e+03	1.433111e+33	8.717840e-02	7.868526e-02	1.658754e-23	1
1.079688e-01	2.610000e+00	2.891076e+03	1.531980e+33	8.975953e-02	7.827065e-02	1.653425e-23	1
1.135677e-01	2.660000e+00	2.882835e+03	1.635749e+33	9.235973e-02	7.785389e-02	1.648130e-23	1
1.193158e-01	2.710000e+00	2.874463e+03	1.744577e+33	9.497797e-02	7.743522e-02	1.642870e-23	1
1.252118e-01	2.760000e+00	2.865964e+03	1.858629e+33	9.761319e-02	7.701489e-02	1.637646e-23	1
1.312545e-01	2.810000e+00	2.857344e+03	1.978072e+33	1.002644e-01	7.659313e-02	1.632441e-23	1
1.374424e-01	2.860000e+00	2.848607e+03	2.103079e+33	1.029304e-01	7.617017e-02	1.627252e-23	1
1.437739e-01	2.910000e+00	2.839758e+03	2.233827e+33	1.056104e-01	7.574625e-02	1.622081e-23	1
1.502476e-01	2.960000e+00	2.830800e+03	2.370499e+33	1.083031e-01	7.532158e-02	1.616928e-23	1
1.568614e-01	3.010000e+00	2.821738e+03	2.513282e+33	1.110076e-01	7.489638e-02	1.611793e-23	1
1.636138e-01	3.060000e+00	2.812577e+03	2.662368e+33	1.137228e-01	7.447088e-02	1.606678e-23	1
1.705026e-01	3.110000e+00	2.803321e+03	2.817956e+33	1.164477e-01	7.404527e-02	1.601582e-23	1
1.775258e-01	3.160000e+00	2.793973e+03	2.980250e+33	1.191813e-01	7.361978e-02	1.596507e-23	1
1.846814e-01	3.210000e+00	2.784538e+03	3.149459e+33	1.219224e-01	7.319459e-02	1.591453e-23	1
1.919672e-01	3.260000e+00	2.775020e+03	3.325801e+33	1.246702e-01	7.276991e-02	1.586420e-23	1
1.993808e-01	3.310000e+00	2.765422e+03	3.509497e+33	1.274235e-01	7.234593e-02	1.581404e-23	1
2.069200e-01	3.360000e+00	2.755749e+03	3.700778e+33	1.301814e-01	7.192283e-02	1.576395e-23	1
2.145824e-01	3.410000e+00	2.746004e+03	3.899880e+33	1.329428e-01	7.150080e-02	1.571393e-23	1
2.223655e-01	3.460000e+00	2.736190e+03	4.107047e+33	1.357068e-01	7.108001e-02	1.566399e-23	1
2.302668e-01	3.510000e+00	2.726312e+03	4.322529e+33	1.384723e-01	7.066063e-02	1.561412e-23	1
2.382839e-01	3.560000e+00	2.716373e+03	4.546587e+33	1.412385e-01	7.024283e-02	1.556432e-23	1
2.464140e-01	3.610000e+00	2.706376e+03	4.779486e+33	1.440042e-01	6.982676e-02	1.551461e-23	1
2.546545e-01	3.660000e+00	2.696325e+03	5.021501e+33	1.467687e-01	6.941259e-02	1.546498e-23	1
2.630029e-01	3.710000e+00	2.686223e+03	5.272916e+33	1.495308e-01	6.900046e-02	1.541543e-23	1
2.714564e-01	3.760000e+00	2.676074e+03	5.534024e+33	1.522898e-01	6.859051e-02	1.536597e-23	1
2.800122e-01	3.810000e+00	2.665880e+03	5.805123e+33	1.550446e-01	6.818288e-02	1.531660e-23	1
2.886677e-01	3.860000e+00	2.655645e+03	6.086526e+33	1.577944e-01	6.777770e-02	1.526724e-23	1
2.974201e-01	3.910000e+00	2.645372e+03	6.378550e+33	1.605383e-01	6.737511e-02	1.521785e-23	1
3.062667e-01	3.960000e+00	2.635064e+03	6.681525e+33	1.632755e-01	6.697522e-02	1.516843e-23	1
3.152045e-01	4.010000e+00	2.624724e+03	6.995790e+33	1.660050e-01	6.657815e-02	1.511898e-23	1
3.242310e-01	4.060000e+00	2.614354e+03	7.321693e+33	1.687260e-01	6.618401e-02	1.506950e-23	1
3.333432e-01	4.110000e+00	2.603959e+03	7.659592e+33	1.714377e-01	6.579290e-02	1.501998e-23	1
3.425385e-01	4.160000e+00	2.593540e+03	8.009858e+33	1.741393e-01	6.540493e-02	1.497043e-23	1
3.518139e-01	4.210000e+00	2.583100e+03	8.372871e+33	1.768301e-01	6.502020e-02	1.492084e-23	1
3.611669e-01	4.260000e+00	2.572643e+03	8.749021e+33	1.795091e-01	6.463878e-02	1.487122e-23	1
3.705945e-01	4.310000e+00	2.562170e+03	9.138711e+33	1.821758e-01	6.426077e-02	1.482155e-23	1
3.800941e-01	4.360000e+00	2.551684e+03	9.542354e+33	1.848293e-01	6.388625e-02	1.477184e-23	1
3.896629e-01	4.410000e+00	2.541188e+03	9.960375e+33	1.874690e-01	6.351529e-02	1.472200e-23	1
3.992983e-01	4.460000e+00	2.530684e+03	1.039321e+34	1.900941e-01	6.314797e-02	1.467203e-23	1
4.089975e-01	4.510000e+00	2.520175e+03	1.084131e+34	1.927040e-01	6.278434e-02	1.462191e-23	1
4.187579e-01	4.560000e+00	2.509662e+03	1.130514e+34	1.952981e-01	6.242448e-02	1.457164e-23	1
4.285769e-01	4.610000e+00	2.499149e+03	1.178516e+34	1.978757e-01	6.206843e-02	1.452121e-23	1
4.384518e-01	4.660000e+00	2.488637e+03	1.228192e+34	2.004361e-01	6.171625e-02	1.447063e-23	1
4.483802e-01	4.710000e+00	2.478128e+03	1.279598e+34	2.029792e-01	6.136799e-02	1.441989e-23	1
4.583594e-01	4.760000e+00	2.467626e+03	1.332784e+34	2.055050e-01	6.102369e-02	1.436897e-23	1
4.683869e-01	4.810000e+00	2.457130e+03	1.387800e+34	2.080131e-01	6.068339e-02	1.431787e-23	1
4.784603e-01	4.860000e+00	2.446645e+03	1.444699e+34	2.105029e-01	6.034713e-02	1.430520e-23	1
4.885772e-01	4.910000e+00	2.436171e+03	1.503999e+34	2.129739e-01	6.001494e-02	1.426659e-23	1
4.987352e-01	4.960000e+00	2.425711e+03	1.565696e+34	2.154558e-01	5.968684e-02	1.421510e-23	1
5.089319e-01	5.010000e+00	2.415266e+03	1.629768e+34	2.179562e-01	5.936287e-02	1.416334e-23	1
5.191650e-01	5.060000e+00	2.404838e+03	1.696232e+34	2.204750e-01	5.904304e-02	1.411131e-23	1
5.294323e-01	5.110000e+00	2.394428e+03	1.765108e+34	2.230118e-01	5.872737e-02	1.405899e-23	1
5.397321e-01	5.160000e+00	2.384041e+03	1.836417e+34	2.255663e-01	5.841584e-02	1.400638e-23	1
5.500638e-01	5.210000e+00	2.373679e+03	1.910179e+34	2.281384e-01	5.810836e-02	1.395346e-23	1
5.604252e-01	5.260000e+00	2.363345e+03	1.986416e+34	2.307277e-01	5.780496e-02	1.390023e-23	1
5.708143e-01	5.310000e+00	2.353039e+03	2.065151e+34	2.333340e-01	5.750563e-02	1.384668e-23	1
5.812291e-01	5.360000e+00	2.342764e+03	2.146453e+34	2.359572e-01	5.721038e-02	1.379278e-23	1
5.917292e-01	5.410000e+00	2.332625e+03	2.230328e+34	2.385997e-01	5.691564e-02	1.373854e-23	1
6.023299e-01	5.460000e+00	2.322646e+03	2.316793e+34	2.412616e-01	5.662052e-02	1.368395e-23	1
6.130303e-01	5.510000e+00	2.312821e+03	2.405871e+34	2.439427e-01	5.632506e-02	1.362903e-23	1
6.238295e-01	5.560000e+00	2.303145e+03	2.497582e+34	2.466428e-01	5.602934e-02	1.357378e-23	1
6.347269e-01	5.610000e+00	2.293613e+03	2.591947e+34	2.493618e-01	5.573340e-02	1.351819e-23	1
6.457214e-01	5.660000e+00	2.284219e+03	2.688990e+34	2.520994e-01	5.543729e-02	1.346223e-23	1
6.568123e-01	5.710000e+00	2.274959e+03	2.788733e+34	2.548556e-01	5.514107e-02	1.340591e-23	1
6.679988e-01	5.760000e+00	2.265829e+03	2.891198e+34	2.576302e-01	5.484479e-02	1.334921e-23	1
6.792800e-01	5.810000e+00	2.256824e+03	2.996410e+34	2.604230e-01	5.454848e-02	1.329210e-23	1
6.906609e-01	5.860000e+00	2.247949e+03	3.104345e+34	2.632339e-01	5.425189e-02	1.323457e-23	1
7.021412e-01	5.910000e+00	2.239200e+03	3.215023e+34	2.660603e-01	5.395504e-02	1.317678e-23	1
7.137201e-01	5.960000e+00	2.230573e+03	3.328490e+34	2.689004e-01	5.365797e-02	1.311932e-23	1
7.253970e-01	6.010000e+00	2.222064e+03	3.444777e+34	2.717541e-01	5.336072e-02	1.306220e-23	1
7.371710e-01	6.060000e+00	2.213669e+03	3.563917e+34	2.746212e-01	5.306335e-02	1.300543e-23	1
7.490415e-01	6.110000e+00	2.205385e+03	3.685942e+34	2.775016e-01	5.276589e-02	1.294901e-23	1
7.610076e-01	6.160000e+00	2.197209e+03	3.810884e+34	2.803951e-01	5.246838e-02	1.289296e-23	1
7.730687e-01	6.210000e+00	2.189136e+03	3.938777e+34	2.833016e-01	5.217086e-02	1.283730e-23	1
7.852241e-01	6.260000e+00	2.181165e+03	4.069656e+34	2.862209e-01	5.187336e-02	1.278202e-23	1
7.974729e-01	6.310000e+00	2.173292e+03	4.203555e+34	2.891529e-01	5.157593e-02	1.272714e-23	1
8.098092e-01	6.360000e+00	2.165509e+03	4.340503e+34	2.920974e-01	5.127885e-02	1.267265e-23	1
8.222288e-01	6.410000e+00	2.157809e+03	4.480413e+34	2.950540e-01	5.098233e-02	1.261857e-23	1
8.347310e-01	6.460000e+00	2.150189e+03	4.623407e+34	2.980169e-01	5.068639e-02	1.256491e-23	1
8.473148e-01	6.510000e+00	2.142649e+03	4.769531e+34	3.009857e-01	5.039105e-02	1.251165e-23	1
8.599794e-01	6.560000e+00	2.135185e+03	4.918834e+34	3.039605e-01	5.009635e-02	1.245882e-23	1
8.727239e-01	6.610000e+00	2.127797e+03	5.071366e+34	3.069409e-01	4.980231e-02	1.241316e-23	1
8.855477e-01	6.660000e+00	2.120482e+03	5.227174e+34	3.099269e-01	4.950895e-02	1.240642e-23	1
8.984497e-01	6.710000e+00	2.113238e+03	5.386311e+34	3.129183e-01	4.921630e-02	1.235444e-23	1
9.114294e-01	6.760000e+00	2.106064e+03	5.548828e+34	3.159150e-01	4.892438e-02	1.230291e-23	1
9.244857e-01	6.810000e+00	2.098958e+03	5.714776e+34	3.189167e-01	4.863320e-02	1.225182e-23	1
9.376174e-01	6.860000e+00	2.091919e+03	5.884207e+34	3.219235e-01	4.834282e-02	1.220118e-23	1
9.508112e-01	6.910000e+00	2.084932e+03	6.057101e+34	3.249351e-01	4.805382e-02	1.215099e-23	1
9.640662e-01	6.960000e+00	2.077998e+03	6.233421e+34	3.279483e-01	4.776621e-02	1.210126e-23	1
9.773816e-01	7.010000e+00	2.071115e+03	6.413342e+34	3.309570e-01	4.748000e-02	1.205200e-23	1
9.907565e-01	7.060000e+00	2.064282e+03	6.596936e+34	3.339611e-01	4.719519e-02	1.200320e-23	1
1.004190e+00	7.110000e+00	2.057499e+03	6.784280e+34	3.369605e-01	4.691181e-02	1.195489e-23	1
1.017681e+00	7.160000e+00	2.050766e+03	6.975449e+34	3.399549e-01	4.662985e-02	1.190705e-23	1
1.031229e+00	7.210000e+00	2.044080e+03	7.170521e+34	3.429442e-01	4.634931e-02	1.185971e-23	1
1.044834e+00	7.260000e+00	2.037442e+03	7.369572e+34	3.459284e-01	4.607022e-02	1.181286e-23	1
1.058493e+00	7.310000e+00	2.030851e+03	7.572683e+34	3.489072e-01	4.579257e-02	1.176650e-23	1
1.072208e+00	7.360000e+00	2.024306e+03	7.779933e+34	3.518806e-01	4.551636e-02	1.172065e-23	1
1.085969e+00	7.410000e+00	2.017802e+03	7.991402e+34	3.548484e-01	4.524188e-02	1.167531e-23	1
1.099764e+00	7.460000e+00	2.011328e+03	8.206939e+34	3.578106e-01	4.496966e-02	1.163434e-23	1
1.113592e+00	7.510000e+00	2.004884e+03	8.426691e+34	3.607586e-01	4.469971e-02	1.163049e-23	1
1.127451e+00	7.560000e+00	1.998470e+03	8.650879e+34	3.636874e-01	4.443199e-02	1.158618e-23	1
1.141342e+00	7.610000e+00	1.992087e+03	8.879618e+34	3.665971e-01	4.416650e-02	1.154241e-23	1
1.155264e+00	7.660000e+00	1.985734e+03	9.113025e+34	3.694874e-01	4.390324e-02	1.149916e-23	1
1.169215e+00	7.710000e+00	1.979412e+03	9.351217e+34	3.723584e-01	4.364217e-02	1.145646e-23	1
1.183195e+00	7.760000e+00	1.973120e+03	9.594313e+34	3.752100e-01	4.338330e-02	1.141429e-23	1
1.197203e+00	7.810000e+00	1.966860e+03	9.842434e+34	3.780423e-01	4.312661e-02	1.137268e-23	1
1.211239e+00	7.860000e+00	1.960630e+03	1.009570e+35	3.808550e-01	4.287208e-02	1.133162e-23	1
1.225302e+00	7.910000e+00	1.954430e+03	1.035424e+35	3.836484e-01	4.261970e-02	1.129113e-23	1
1.239373e+00	7.960000e+00	1.948250e+03	1.061812e+35	3.864223e-01	4.237016e-02	1.125120e-23	1
1.253441e+00	8.010000e+00	1.942082e+03	1.088696e+35	3.891752e-01	4.212384e-02	1.121184e-23	1
1.267507e+00	8.060000e+00	1.935928e+03	1.116141e+35	3.918894e-01	4.188071e-02	1.120906e-23	1
1.281568e+00	8.110000e+00	1.929788e+03	1.144166e+35	3.945652e-01	4.164072e-02	1.117307e-23	1
1.295625e+00	8.160000e+00	1.923664e+03	1.172788e+35	3.972028e-01	4.140383e-02	1.113487e-23	1
1.309678e+00	8.210000e+00	1.917555e+03	1.202025e+35	3.998023e-01	4.117001e-02	1.109727e-23	1
1.323725e+00	8.260000e+00	1.911463e+03	1.231895e+35	4.023640e-01	4.093922e-02	1.106027e-23	1
1.337767e+00	8.310000e+00	1.905389e+03	1.262417e+35	4.048881e-01	4.071141e-02	1.102387e-23	1
1.351802e+00	8.360000e+00	1.899333e+03	1.293609e+35	4.073750e-01	4.048656e-02	1.098808e-23	1
1.365832e+00	8.410000e+00	1.893295e+03	1.325490e+35	4.098248e-01	4.026461e-02	1.095291e-23	1
1.379851e+00	8.460000e+00	1.887275e+03	1.358078e+35	4.122379e-01	4.004566e-02	1.094194e-23	1
1.393823e+00	8.510000e+00	1.881252e+03	1.391310e+35	4.146145e-01	3.983105e-02	1.091836e-23	1
1.407746e+00	8.560000e+00	1.875227e+03	1.425272e+35	4.169324e-01	3.962070e-02	1.088444e-23	1
1.421622e+00	8.610000e+00	1.869203e+03	1.460006e+35	4.191877e-01	3.941455e-02	1.085115e-23	1
1.435450e+00	8.660000e+00	1.863180e+03	1.495540e+35	4.213811e-01	3.921250e-02	1.081852e-23	1
1.449230e+00	8.710000e+00	1.857160e+03	1.531902e+35	4.235137e-01	3.901449e-02	1.078653e-23	1
1.462963e+00	8.760000e+00	1.851144e+03	1.569117e+35	4.255861e-01	3.882045e-02	1.075952e-23	1
1.476649e+00	8.810000e+00	1.845135e+03	1.607214e+35	4.275995e-01	3.863029e-02	1.075521e-23	1
1.490287e+00	8.860000e+00	1.839133e+03	1.646221e+35	4.295545e-01	3.844395e-02	1.072455e-23	1
1.503879e+00	8.910000e+00	1.833139e+03	1.686165e+35	4.314523e-01	3.826135e-02	1.069457e-23	1
1.517424e+00	8.960000e+00	1.827155e+03	1.727072e+35	4.332937e-01	3.808241e-02	1.066527e-23	1
1.530874e+00	9.010000e+00	1.821158e+03	1.768813e+35	4.350792e-01	3.790877e-02	1.063667e-23	1
1.544221e+00	9.060000e+00	1.815145e+03	1.811588e+35	4.367724e-01	3.774064e-02	1.062791e-23	1
1.557465e+00	9.110000e+00	1.809118e+03	1.855437e+35	4.383754e-01	3.757788e-02	1.060877e-23	1
1.570609e+00	9.160000e+00	1.803081e+03	1.900401e+35	4.398904e-01	3.742036e-02	1.058159e-23	1
1.583652e+00	9.210000e+00	1.797035e+03	1.946519e+35	4.413197e-01	3.726796e-02	1.055513e-23	1
1.596597e+00	9.260000e+00	1.790983e+03	1.993832e+35	4.426654e-01	3.712054e-02	1.052941e-23	1
1.609445e+00	9.310000e+00	1.784927e+03	2.042380e+35	4.439298e-01	3.697798e-02	1.052928e-23	1
1.622197e+00	9.360000e+00	1.778869e+03	2.092205e+35	4.451150e-01	3.684015e-02	1.050444e-23	1
1.634854e+00	9.410000e+00	1.772810e+03	2.143346e+35	4.462232e-01	3.670695e-02	1.048022e-23	1
1.647418e+00	9.460000e+00	1.766752e+03	2.195657e+35	4.472566e-01	3.657828e-02	1.045679e-23	1
1.659807e+00	9.510000e+00	1.760662e+03	2.249311e+35	4.481802e-01	3.645670e-02	1.045338e-23	1
1.672026e+00	9.560000e+00	1.754542e+03	2.304447e+35	4.489833e-01	3.634199e-02	1.043414e-23	1
1.684078e+00	9.610000e+00	1.748397e+03	2.361122e+35	4.496707e-01	3.623393e-02	1.041230e-23	1
1.695967e+00	9.660000e+00	1.742230e+03	2.419394e+35	4.502470e-01	3.613230e-02	1.039386e-23	1
1.707696e+00	9.710000e+00	1.736045e+03	2.479322e+35	4.507169e-01	3.603689e-02	1.039128e-23	1
1.719268e+00	9.760000e+00	1.729844e+03	2.540963e+35	4.510849e-01	3.594749e-02	1.037111e-23	1
1.730687e+00	9.810000e+00	1.723631e+03	2.604375e+35	4.513553e-01	3.586390e-02	1.035181e-23	1
1.741957e+00	9.860000e+00	1.717408e+03	2.669616e+35	4.515324e-01	3.578592e-02	1.034660e-23	1
1.753080e+00	9.910000e+00	1.711179e+03	2.736331e+35	4.516204e-01	3.571337e-02	1.033339e-23	1
1.763978e+00	9.960000e+00	1.704912e+03	2.805015e+35	4.515574e-01	3.564866e-02	1.031588e-23	1
1.774623e+00	1.001000e+01	1.698600e+03	2.875779e+35	4.513484e-01	3.559249e-02	1.030880e-23	1
1.785025e+00	1.006000e+01	1.692249e+03	2.948706e+35	4.510027e-01	3.554449e-02	1.029931e-23	1
1.795192e+00	1.011000e+01	1.685863e+03	3.023873e+35	4.505293e-01	3.550430e-02	1.028372e-23	1
1.805129e+00	1.016000e+01	1.679448e+03	3.101363e+35	4.499367e-01	3.547156e-02	1.027850e-23	1
1.814845e+00	1.021000e+01	1.673007e+03	3.181253e+35	4.492329e-01	3.544595e-02	1.026914e-23	1
1.824347e+00	1.026000e+01	1.666546e+03	3.263623e+35	4.484256e-01	3.542715e-02	1.025560e-23	1
1.833642e+00	1.031000e+01	1.660069e+03	3.348135e+35	4.475222e-01	3.541483e-02	1.025427e-23	1
1.842737e+00	1.036000e+01	1.653579e+03	3.434989e+35	4.464765e-01	3.540871e-02	1.024316e-23	1
1.851485e+00	1.041000e+01	1.647025e+03	3.524684e+35	4.452585e-01	3.541309e-02	1.023506e-23	1
1.859894e+00	1.046000e+01	1.640412e+03	3.617325e+35	4.438870e-01	3.542762e-02	1.023186e-23	1
1.867979e+00	1.051000e+01	1.633748e+03	3.713017e+35	4.423787e-01	3.545167e-02	1.022176e-23	1
1.875758e+00	1.056000e+01	1.627040e+03	3.811865e+35	4.407492e-01	3.548463e-02	1.022008e-23	1
1.883243e+00	1.061000e+01	1.620297e+03	3.913971e+35	4.390125e-01	3.552594e-02	1.021293e-23	1
1.890451e+00	1.066000e+01	1.613525e+03	4.019436e+35	4.371813e-01	3.557506e-02	1.020870e-23	1
1.897393e+00	1.071000e+01	1.606731e+03	4.128362e+35	4.352672e-01	3.563149e-02	1.020544e-23	1
1.904083e+00	1.076000e+01	1.599919e+03	4.240848e+35	4.332806e-01	3.569475e-02	1.020044e-23	1
1.910405e+00	1.081000e+01	1.593052e+03	4.356991e+35	4.312310e-01	3.576813e-02	1.019938e-23	1
1.916279e+00	1.086000e+01	1.586104e+03	4.476890e+35	4.291270e-01	3.585379e-02	1.019492e-23	1
1.921741e+00	1.091000e+01	1.579092e+03	4.600639e+35	4.269764e-01	3.595051e-02	1.019486e-23	1
1.926824e+00	1.096000e+01	1.572029e+03	4.728336e+35	4.247860e-01	3.605719e-02	1.019199e-23	1
1.931560e+00	1.101000e+01	1.564925e+03	4.860075e+35	4.225623e-01	3.617283e-02	1.019184e-23	1
1.935975e+00	1.106000e+01	1.557792e+03	4.995950e+35	4.203109e-01	3.629651e-02	1.019093e-23	1
