# Mass_Msun	Radius_km	f_mode_Hz	Quadrupole_Moment_kgm^2	Surface_Redshift	Damping_time_s	Characteristic_Strain_hc	EoS
2.031855e-04	3.100000e-01	1.152793e+03	-7.86E+26	9.695036e-04	9.125926e-02	2.731733e-23	3
3.303163e-04	3.600000e-01	2.324562e+03	4.383919e+27	1.357996e-03	9.124591e-02	1.946914e-23	3
5.013990e-04	4.100000e-01	2.682589e+03	2.499003e+28	1.811196e-03	9.121873e-02	1.938486e-23	3
7.227674e-04	4.600000e-01	2.863672e+03	7.329197e+28	2.328857e-03	9.117768e-02	1.930236e-23	3
1.000663e-03	5.100000e-01	2.973051e+03	1.653437e+29	2.910703e-03	9.112281e-02	1.922144e-23	3
1.341227e-03	5.600000e-01	3.045968e+03	3.209413e+29	3.556422e-03	9.105419e-02	1.914194e-23	3
1.750485e-03	6.100000e-01	3.097711e+03	5.635666e+29	4.265674e-03	9.097189e-02	1.906378e-23	3
2.234343e-03	6.600000e-01	3.136009e+03	9.205867e+29	5.038085e-03	9.087600e-02	1.898678e-23	3
2.798574e-03	7.100000e-01	3.165195e+03	1.422879e+30	5.873252e-03	9.076663e-02	1.891086e-23	3
3.448808e-03	7.600000e-01	3.187888e+03	2.105192e+30	6.770737e-03	9.064391e-02	1.883598e-23	3
4.190525e-03	8.100000e-01	3.205766e+03	3.005714e+30	7.730075e-03	9.050796e-02	1.876199e-23	3
5.029047e-03	8.600000e-01	3.219955e+03	4.166332e+30	8.750767e-03	9.035893e-02	1.868888e-23	3
5.969528e-03	9.100000e-01	3.231235e+03	5.632313e+30	9.832284e-03	9.019699e-02	1.861658e-23	3
7.016946e-03	9.600000e-01	3.240171e+03	7.452358e+30	1.097407e-02	9.002232e-02	1.854503e-23	3
8.176098e-03	1.010000e+00	3.247174e+03	9.678460e+30	1.217552e-02	8.983510e-02	1.847419e-23	3
9.451593e-03	1.060000e+00	3.252557e+03	1.236582e+31	1.343604e-02	8.963552e-02	1.840403e-23	3
1.084785e-02	1.110000e+00	3.256561e+03	1.557273e+31	1.475495e-02	8.942381e-02	1.833451e-23	3
1.236907e-02	1.160000e+00	3.259372e+03	1.936051e+31	1.613159e-02	8.920018e-02	1.826559e-23	3
1.401927e-02	1.210000e+00	3.261139e+03	2.379339e+31	1.756524e-02	8.896487e-02	1.819724e-23	3
1.580225e-02	1.260000e+00	3.261983e+03	2.893838e+31	1.905516e-02	8.871812e-02	1.812942e-23	3
1.772159e-02	1.310000e+00	3.262002e+03	3.486517e+31	2.060059e-02	8.846019e-02	1.806211e-23	3
1.978066e-02	1.360000e+00	3.261276e+03	4.164616e+31	2.220072e-02	8.819133e-02	1.799528e-23	3
2.198261e-02	1.410000e+00	3.259874e+03	4.935620e+31	2.385474e-02	8.791182e-02	1.792890e-23	3
2.433036e-02	1.460000e+00	3.257851e+03	5.807257e+31	2.556178e-02	8.762194e-02	1.786297e-23	3
2.682662e-02	1.510000e+00	3.255257e+03	6.787493e+31	2.732096e-02	8.732198e-02	1.779744e-23	3
2.947386e-02	1.560000e+00	3.252134e+03	7.884518e+31	2.913138e-02	8.701223e-02	1.773232e-23	3
3.227434e-02	1.610000e+00	3.248517e+03	9.106747e+31	3.099210e-02	8.669299e-02	1.766755e-23	3
3.523007e-02	1.660000e+00	3.244439e+03	1.046281e+32	3.290217e-02	8.636458e-02	1.760315e-23	3
3.834287e-02	1.710000e+00	3.239928e+03	1.196154e+32	3.486058e-02	8.602731e-02	1.753907e-23	3
4.161430e-02	1.760000e+00	3.235008e+03	1.361198e+32	3.686634e-02	8.568148e-02	1.747532e-23	3
4.504572e-02	1.810000e+00	3.229701e+03	1.542339e+32	3.891841e-02	8.532744e-02	1.741187e-23	3
4.863826e-02	1.860000e+00	3.224028e+03	1.740520e+32	4.101573e-02	8.496550e-02	1.734869e-23	3
5.239283e-02	1.910000e+00	3.218007e+03	1.956707e+32	4.315721e-02	8.459600e-02	1.728580e-23	3
5.631014e-02	1.960000e+00	3.211654e+03	2.191885e+32	4.534176e-02	8.421926e-02	1.722315e-23	3
6.039067e-02	2.010000e+00	3.204985e+03	2.447058e+32	4.756825e-02	8.383563e-02	1.716076e-23	3
6.463469e-02	2.060000e+00	3.198014e+03	2.723252e+32	4.983553e-02	8.344544e-02	1.709858e-23	3
6.904228e-02	2.110000e+00	3.190755e+03	3.021514e+32	5.214244e-02	8.304903e-02	1.703662e-23	3
7.361331e-02	2.160000e+00	3.183218e+03	3.342911e+32	5.448780e-02	8.264673e-02	1.697487e-23	3
7.834745e-02	2.210000e+00	3.175417e+03	3.688532e+32	5.687040e-02	8.223889e-02	1.691329e-23	3
8.324420e-02	2.260000e+00	3.167362e+03	4.059489e+32	5.928903e-02	8.182584e-02	1.685190e-23	3
8.830286e-02	2.310000e+00	3.159062e+03	4.456919e+32	6.174245e-02	8.140792e-02	1.679067e-23	3
9.352254e-02	2.360000e+00	3.150529e+03	4.881981e+32	6.422942e-02	8.098546e-02	1.672959e-23	3
9.890221e-02	2.410000e+00	3.141772e+03	5.335861e+32	6.674867e-02	8.055881e-02	1.666882e-23	3
1.044406e-01	2.460000e+00	3.132798e+03	5.819771e+32	6.929894e-02	8.012828e-02	1.660877e-23	3
1.101365e-01	2.510000e+00	3.123618e+03	6.334952e+32	7.187892e-02	7.969421e-02	1.654947e-23	3
1.159881e-01	2.560000e+00	3.114240e+03	6.882673e+32	7.448734e-02	7.925693e-02	1.649095e-23	3
1.219940e-01	2.610000e+00	3.104670e+03	7.464236e+32	7.712288e-02	7.881675e-02	1.643258e-23	3
1.281522e-01	2.660000e+00	3.094918e+03	8.080975e+32	7.978424e-02	7.837399e-02	1.637437e-23	3
1.344608e-01	2.710000e+00	3.084991e+03	8.734255e+32	8.247008e-02	7.792896e-02	1.631631e-23	3
1.409177e-01	2.760000e+00	3.074895e+03	9.425482e+32	8.517910e-02	7.748197e-02	1.625838e-23	3
1.475207e-01	2.810000e+00	3.064639e+03	1.015610e+33	8.790995e-02	7.703333e-02	1.620059e-23	3
1.542676e-01	2.860000e+00	3.054229e+03	1.092758e+33	9.066131e-02	7.658333e-02	1.614290e-23	3
1.611559e-01	2.910000e+00	3.043672e+03	1.174146e+33	9.343185e-02	7.613226e-02	1.608533e-23	3
1.681830e-01	2.960000e+00	3.032974e+03	1.259930e+33	9.622022e-02	7.568041e-02	1.602785e-23	3
1.753465e-01	3.010000e+00	3.022142e+03	1.350271e+33	9.902510e-02	7.522806e-02	1.597045e-23	3
1.826435e-01	3.060000e+00	3.011182e+03	1.445335e+33	1.018452e-01	7.477548e-02	1.591313e-23	3
1.900714e-01	3.110000e+00	3.000101e+03	1.545294e+33	1.046791e-01	7.432293e-02	1.585587e-23	3
1.976272e-01	3.160000e+00	2.988904e+03	1.650325e+33	1.075255e-01	7.387067e-02	1.579867e-23	3
2.053082e-01	3.210000e+00	2.977597e+03	1.760609e+33	1.103832e-01	7.341896e-02	1.574152e-23	3
2.131113e-01	3.260000e+00	2.966186e+03	1.876334e+33	1.132507e-01	7.296804e-02	1.568439e-23	3
2.210335e-01	3.310000e+00	2.954677e+03	1.997693e+33	1.161269e-01	7.251815e-02	1.562729e-23	3
2.290718e-01	3.360000e+00	2.943075e+03	2.124888e+33	1.190103e-01	7.206951e-02	1.557020e-23	3
2.372231e-01	3.410000e+00	2.931385e+03	2.258124e+33	1.218998e-01	7.162236e-02	1.551311e-23	3
2.454843e-01	3.460000e+00	2.919614e+03	2.397543e+33	1.247941e-01	7.117689e-02	1.545602e-23	3
2.538505e-01	3.510000e+00	2.907765e+03	2.543321e+33	1.276908e-01	7.073333e-02	1.539890e-23	3
2.623169e-01	3.560000e+00	2.895845e+03	2.695636e+33	1.305878e-01	7.029187e-02	1.534176e-23	3
2.708788e-01	3.610000e+00	2.883858e+03	2.854667e+33	1.334829e-01	6.985269e-02	1.528457e-23	3
2.795308e-01	3.660000e+00	2.871808e+03	3.020657e+33	1.363738e-01	6.941599e-02	1.522733e-23	3
2.882690e-01	3.710000e+00	2.859702e+03	3.193788e+33	1.392588e-01	6.898194e-02	1.517004e-23	3
2.970878e-01	3.760000e+00	2.847534e+03	3.374247e+33	1.421354e-01	6.855087e-02	1.511266e-23	3
3.059814e-01	3.810000e+00	2.835303e+03	3.562205e+33	1.450012e-01	6.812306e-02	1.505520e-23	3
3.149430e-01	3.860000e+00	2.823006e+03	3.757917e+33	1.478528e-01	6.769880e-02	1.499764e-23	3
3.239672e-01	3.910000e+00	2.810642e+03	3.961579e+33	1.506882e-01	6.727840e-02	1.493997e-23	3
3.330472e-01	3.960000e+00	2.798215e+03	4.173498e+33	1.535043e-01	6.686203e-02	1.488218e-23	3
3.421781e-01	4.010000e+00	2.785721e+03	4.393870e+33	1.562990e-01	6.645001e-02	1.482425e-23	3
3.513525e-01	4.060000e+00	2.773157e+03	4.623092e+33	1.590693e-01	6.604264e-02	1.476617e-23	3
3.605665e-01	4.110000e+00	2.760519e+03	4.861420e+33	1.618138e-01	6.564029e-02	1.470794e-23	3
3.698136e-01	4.160000e+00	2.747806e+03	5.109294e+33	1.645297e-01	6.524320e-02	1.464953e-23	3
3.790903e-01	4.210000e+00	2.735016e+03	5.367126e+33	1.672160e-01	6.485171e-02	1.459094e-23	3
3.883926e-01	4.260000e+00	2.722151e+03	5.635396e+33	1.698716e-01	6.446601e-02	1.453214e-23	3
3.977178e-01	4.310000e+00	2.709207e+03	5.914624e+33	1.724958e-01	6.408643e-02	1.447313e-23	3
4.070642e-01	4.360000e+00	2.696192e+03	6.205360e+33	1.750886e-01	6.371307e-02	1.441390e-23	3
4.164303e-01	4.410000e+00	2.683105e+03	6.507713e+33	1.776500e-01	6.334618e-02	1.435442e-23	3
4.258071e-01	4.460000e+00	2.669953e+03	6.825071e+33	1.801761e-01	6.298581e-02	1.429468e-23	3
4.352406e-01	4.510000e+00	2.656746e+03	7.157089e+33	1.826927e-01	6.263200e-02	1.423467e-23	3
4.447286e-01	4.560000e+00	2.643491e+03	7.504126e+33	1.851991e-01	6.228473e-02	1.417437e-23	3
4.542685e-01	4.610000e+00	2.630201e+03	7.866538e+33	1.876945e-01	6.194391e-02	1.411377e-23	3
4.638578e-01	4.660000e+00	2.616887e+03	8.244750e+33	1.901781e-01	6.160941e-02	1.405287e-23	3
4.734949e-01	4.710000e+00	2.603540e+03	8.639125e+33	1.926495e-01	6.128166e-02	1.399167e-23	3
4.831771e-01	4.760000e+00	2.590296e+03	9.050089e+33	1.951079e-01	6.095721e-02	1.393017e-23	3
4.929025e-01	4.810000e+00	2.577151e+03	9.478105e+33	1.975528e-01	6.063615e-02	1.386838e-23	3
5.026696e-01	4.860000e+00	2.564105e+03	9.923660e+33	1.999838e-01	6.031850e-02	1.380631e-23	3
5.124772e-01	4.910000e+00	2.551154e+03	1.038711e+34	2.024009e-01	6.000435e-02	1.374395e-23	3
5.223224e-01	4.960000e+00	2.538298e+03	1.086896e+34	2.048031e-01	5.969367e-02	1.368128e-23	3
5.322036e-01	5.010000e+00	2.525535e+03	1.136974e+34	2.071900e-01	5.938655e-02	1.361832e-23	3
5.421196e-01	5.060000e+00	2.512863e+03	1.188999e+34	2.095615e-01	5.908300e-02	1.355505e-23	3
5.520698e-01	5.110000e+00	2.500283e+03	1.243029e+34	2.119179e-01	5.878299e-02	1.354717e-23	3
5.620541e-01	5.160000e+00	2.487795e+03	1.299107e+34	2.142595e-01	5.848651e-02	1.349147e-23	3
5.720703e-01	5.210000e+00	2.475397e+03	1.357303e+34	2.165856e-01	5.819362e-02	1.342757e-23	3
5.821190e-01	5.260000e+00	2.463087e+03	1.417680e+34	2.188971e-01	5.790433e-02	1.336336e-23	3
5.922011e-01	5.310000e+00	2.450866e+03	1.480304e+34	2.211949e-01	5.761858e-02	1.329896e-23	3
6.023179e-01	5.360000e+00	2.438737e+03	1.545265e+34	2.234800e-01	5.733633e-02	1.323443e-23	3
6.124740e-01	5.410000e+00	2.426700e+03	1.612707e+34	2.257551e-01	5.705748e-02	1.316993e-23	3
6.226831e-01	5.460000e+00	2.414753e+03	1.682706e+34	2.280275e-01	5.678206e-02	1.310551e-23	3
6.329534e-01	5.510000e+00	2.402901e+03	1.755368e+34	2.303015e-01	5.650993e-02	1.304118e-23	3
6.432962e-01	5.560000e+00	2.391147e+03	1.830714e+34	2.325830e-01	5.624095e-02	1.297698e-23	3
6.537133e-01	5.610000e+00	2.379492e+03	1.908775e+34	2.348732e-01	5.597496e-02	1.291293e-23	3
6.642046e-01	5.660000e+00	2.367948e+03	1.989585e+34	2.371720e-01	5.571160e-02	1.284902e-23	3
6.747695e-01	5.710000e+00	2.356536e+03	2.073181e+34	2.394793e-01	5.545002e-02	1.278527e-23	3
6.854079e-01	5.760000e+00	2.345267e+03	2.159602e+34	2.417953e-01	5.518970e-02	1.272169e-23	3
6.961193e-01	5.810000e+00	2.334159e+03	2.248883e+34	2.441198e-01	5.492997e-02	1.265829e-23	3
7.069034e-01	5.860000e+00	2.323210e+03	2.341066e+34	2.464530e-01	5.467070e-02	1.259507e-23	3
7.177603e-01	5.910000e+00	2.312417e+03	2.436184e+34	2.487949e-01	5.441190e-02	1.253201e-23	3
7.286890e-01	5.960000e+00	2.301775e+03	2.534307e+34	2.511453e-01	5.415358e-02	1.246914e-23	3
7.396931e-01	6.010000e+00	2.291281e+03	2.635456e+34	2.535061e-01	5.389575e-02	1.240644e-23	3
7.507717e-01	6.060000e+00	2.280931e+03	2.739675e+34	2.558770e-01	5.363840e-02	1.234392e-23	3
7.619256e-01	6.110000e+00	2.270722e+03	2.847008e+34	2.582585e-01	5.338156e-02	1.228157e-23	3
7.731554e-01	6.160000e+00	2.260650e+03	2.957481e+34	2.606510e-01	5.312519e-02	1.221940e-23	3
7.844604e-01	6.210000e+00	2.250713e+03	3.071111e+34	2.630545e-01	5.286934e-02	1.215739e-23	3
7.958376e-01	6.260000e+00	2.240911e+03	3.187941e+34	2.654676e-01	5.261381e-02	1.209554e-23	3
8.072861e-01	6.310000e+00	2.231242e+03	3.308004e+34	2.678899e-01	5.235863e-02	1.203385e-23	3
8.188045e-01	6.360000e+00	2.221702e+03	3.431324e+34	2.703211e-01	5.210376e-02	1.197294e-23	3
8.303900e-01	6.410000e+00	2.212291e+03	3.557952e+34	2.727600e-01	5.184916e-02	1.191275e-23	3
8.420419e-01	6.460000e+00	2.203004e+03	3.687912e+34	2.752064e-01	5.159485e-02	1.185331e-23	3
8.537578e-01	6.510000e+00	2.193836e+03	3.821246e+34	2.776592e-01	5.134099e-02	1.179468e-23	3
8.655357e-01	6.560000e+00	2.184783e+03	3.958005e+34	2.801180e-01	5.108760e-02	1.173912e-23	3
8.773750e-01	6.610000e+00	2.175841e+03	4.098205e+34	2.825823e-01	5.083475e-02	1.173686e-23	3
8.892720e-01	6.660000e+00	2.167006e+03	4.241910e+34	2.850508e-01	5.058255e-02	1.167989e-23	3
9.012260e-01	6.710000e+00	2.158274e+03	4.389159e+34	2.875232e-01	5.033103e-02	1.162378e-23	3
9.132348e-01	6.760000e+00	2.149641e+03	4.539987e+34	2.899988e-01	5.008029e-02	1.156851e-23	3
9.252958e-01	6.810000e+00	2.141104e+03	4.694461e+34	2.924765e-01	4.983039e-02	1.151410e-23	3
9.374081e-01	6.860000e+00	2.132661e+03	4.852606e+34	2.949562e-01	4.958137e-02	1.146050e-23	3
9.495685e-01	6.910000e+00	2.124306e+03	5.014490e+34	2.974363e-01	4.933336e-02	1.140772e-23	3
9.617754e-01	6.960000e+00	2.116037e+03	5.180169e+34	2.999165e-01	4.908639e-02	1.135574e-23	3
9.740274e-01	7.010000e+00	2.107852e+03	5.349671e+34	3.023963e-01	4.884051e-02	1.130452e-23	3
9.863206e-01	7.060000e+00	2.099746e+03	5.523084e+34	3.048741e-01	4.859585e-02	1.125405e-23	3
9.986544e-01	7.110000e+00	2.091719e+03	5.700447e+34	3.073498e-01	4.835240e-02	1.120428e-23	3
1.011026e+00	7.160000e+00	2.083765e+03	5.881822e+34	3.098221e-01	4.811029e-02	1.115521e-23	3
1.023432e+00	7.210000e+00	2.075884e+03	6.067295e+34	3.122903e-01	4.786956e-02	1.110683e-23	3
1.035873e+00	7.260000e+00	2.068073e+03	6.256889e+34	3.147540e-01	4.763024e-02	1.105913e-23	3
1.048344e+00	7.310000e+00	2.060328e+03	6.450709e+34	3.172115e-01	4.739248e-02	1.101207e-23	3
1.060844e+00	7.360000e+00	2.052649e+03	6.648815e+34	3.196624e-01	4.715628e-02	1.099680e-23	3
1.073370e+00	7.410000e+00	2.045031e+03	6.851261e+34	3.221059e-01	4.692172e-02	1.096565e-23	3
1.085919e+00	7.460000e+00	2.037474e+03	7.058159e+34	3.245406e-01	4.668888e-02	1.091983e-23	3
1.098490e+00	7.510000e+00	2.029976e+03	7.269547e+34	3.269663e-01	4.645777e-02	1.087463e-23	3
1.111079e+00	7.560000e+00	2.022533e+03	7.485533e+34	3.293812e-01	4.622853e-02	1.083005e-23	3
1.123684e+00	7.610000e+00	2.015144e+03	7.706208e+34	3.317848e-01	4.600119e-02	1.078610e-23	3
1.136304e+00	7.660000e+00	2.007808e+03	7.931615e+34	3.341764e-01	4.577578e-02	1.074278e-23	3
1.148934e+00	7.710000e+00	2.000521e+03	8.161902e+34	3.365541e-01	4.555243e-02	1.070011e-23	3
1.161572e+00	7.760000e+00	1.993284e+03	8.397120e+34	3.389178e-01	4.533112e-02	1.065810e-23	3
1.174215e+00	7.810000e+00	1.986093e+03	8.637382e+34	3.412657e-01	4.511200e-02	1.061674e-23	3
1.186860e+00	7.860000e+00	1.978946e+03	8.882819e+34	3.435970e-01	4.489510e-02	1.059223e-23	3
1.199507e+00	7.910000e+00	1.971844e+03	9.133460e+34	3.459114e-01	4.468043e-02	1.057606e-23	3
1.212149e+00	7.960000e+00	1.964783e+03	9.389495e+34	3.482062e-01	4.446815e-02	1.053605e-23	3
1.224785e+00	8.010000e+00	1.957762e+03	9.650993e+34	3.504814e-01	4.425825e-02	1.049673e-23	3
1.237412e+00	8.060000e+00	1.950779e+03	9.918073e+34	3.527356e-01	4.405084e-02	1.045810e-23	3
1.250027e+00	8.110000e+00	1.943833e+03	1.019091e+35	3.549672e-01	4.384598e-02	1.042017e-23	3
1.262627e+00	8.160000e+00	1.936923e+03	1.046797e+35	3.571763e-01	4.364366e-02	1.038296e-23	3
1.275102e+00	8.210000e+00	1.930047e+03	1.075093e+35	3.593122e-01	4.344407e-02	1.034646e-23	3
1.287451e+00	8.260000e+00	1.923203e+03	1.104006e+35	3.613753e-01	4.324719e-02	1.033866e-23	3
1.299675e+00	8.310000e+00	1.916391e+03	1.133674e+35	3.633667e-01	4.305311e-02	1.031070e-23	3
1.311848e+00	8.360000e+00	1.909608e+03	1.164063e+35	3.653199e-01	4.286193e-02	1.027568e-23	3
1.323998e+00	8.410000e+00	1.902854e+03	1.195146e+35	3.672479e-01	4.267360e-02	1.024140e-23	3
1.336124e+00	8.460000e+00	1.896061e+03	1.226931e+35	3.691501e-01	4.249239e-02	1.020789e-23	3
1.348218e+00	8.510000e+00	1.889231e+03	1.259445e+35	3.710240e-01	4.231817e-02	1.017514e-23	3
1.360282e+00	8.560000e+00	1.882368e+03	1.292690e+35	3.728697e-01	4.215074e-02	1.016597e-23	3
1.372308e+00	8.610000e+00	1.875520e+03	1.326694e+35	3.746845e-01	4.198724e-02	1.014318e-23	3
1.384294e+00	8.660000e+00	1.868705e+03	1.361470e+35	3.764677e-01	4.182654e-02	1.011201e-23	3
1.396237e+00	8.710000e+00	1.861922e+03	1.397032e+35	3.782181e-01	4.166864e-02	1.008165e-23	3
1.408131e+00	8.760000e+00	1.855168e+03	1.433410e+35	3.799333e-01	4.151375e-02	1.005211e-23	3
1.419975e+00	8.810000e+00	1.848444e+03	1.470606e+35	3.816137e-01	4.136180e-02	1.004182e-23	3
1.431761e+00	8.860000e+00	1.841746e+03	1.508658e+35	3.832552e-01	4.121300e-02	1.002340e-23	3
1.443488e+00	8.910000e+00	1.835073e+03	1.547576e+35	3.848582e-01	4.106736e-02	9.995538e-24	3
1.455150e+00	8.960000e+00	1.828424e+03	1.587385e+35	3.864202e-01	4.092494e-02	9.968539e-24	3
1.466743e+00	9.010000e+00	1.821798e+03	1.628112e+35	3.879395e-01	4.078591e-02	9.949225e-24	3
1.478263e+00	9.060000e+00	1.815194e+03	1.669769e+35	3.894155e-01	4.065021e-02	9.942419e-24	3
1.489702e+00	9.110000e+00	1.808608e+03	1.712401e+35	3.908443e-01	4.051812e-02	9.917197e-24	3
1.501060e+00	9.160000e+00	1.802041e+03	1.756006e+35	3.922268e-01	4.038959e-02	9.892892e-24	3
1.512324e+00	9.210000e+00	1.795490e+03	1.800639e+35	3.935577e-01	4.026478e-02	9.878401e-24	3
1.523496e+00	9.260000e+00	1.788954e+03	1.846307e+35	3.948378e-01	4.014377e-02	9.869526e-24	3
1.534564e+00	9.310000e+00	1.782433e+03	1.893055e+35	3.960630e-01	4.002660e-02	9.847121e-24	3
1.545526e+00	9.360000e+00	1.775923e+03	1.940903e+35	3.972325e-01	3.991354e-02	9.825704e-24	3
1.556373e+00	9.410000e+00	1.769425e+03	1.989888e+35	3.983432e-01	3.980446e-02	9.823310e-24	3
1.567099e+00	9.460000e+00	1.762934e+03	2.040045e+35	3.993930e-01	3.969976e-02	9.805301e-24	3
1.577697e+00	9.510000e+00	1.756451e+03	2.091402e+35	4.003796e-01	3.959934e-02	9.785945e-24	3
1.588158e+00	9.560000e+00	1.749972e+03	2.144005e+35	4.012995e-01	3.950349e-02	9.780025e-24	3
1.598475e+00	9.610000e+00	1.743497e+03	2.197878e+35	4.021507e-01	3.941223e-02	9.767669e-24	3
1.608636e+00	9.660000e+00	1.737024e+03	2.253078e+35	4.029285e-01	3.932577e-02	9.750512e-24	3
1.618633e+00	9.710000e+00	1.730550e+03	2.309639e+35	4.036309e-01	3.924424e-02	9.745881e-24	3
1.628456e+00	9.760000e+00	1.724075e+03	2.367606e+35	4.042541e-01	3.916779e-02	9.734517e-24	3
1.638094e+00	9.810000e+00	1.717593e+03	2.427031e+35	4.047946e-01	3.909664e-02	9.719734e-24	3
1.647538e+00	9.860000e+00	1.711106e+03	2.487940e+35	4.052492e-01	3.903094e-02	9.719006e-24	3
1.656766e+00	9.910000e+00	1.704607e+03	2.550427e+35	4.056109e-01	3.897101e-02	9.706218e-24	3
1.665777e+00	9.960000e+00	1.698096e+03	2.614469e+35	4.058793e-01	3.891697e-02	9.698044e-24	3
1.674535e+00	1.001000e+01	1.691570e+03	2.680192e+35	4.060417e-01	3.886909e-02	9.694034e-24	3
1.683032e+00	1.006000e+01	1.685025e+03	2.747633e+35	4.060957e-01	3.882762e-02	9.683253e-24	3
1.691248e+00	1.011000e+01	1.678459e+03	2.816805e+35	4.060351e-01	3.879278e-02	9.681992e-24	3
1.699145e+00	1.016000e+01	1.671866e+03	2.887818e+35	4.058464e-01	3.876508e-02	9.673963e-24	3
1.706699e+00	1.021000e+01	1.665247e+03	2.960725e+35	4.055220e-01	3.874454e-02	9.670090e-24	3
1.713880e+00	1.026000e+01	1.658588e+03	3.035562e+35	4.050516e-01	3.873212e-02	9.666261e-24	3
1.720642e+00	1.031000e+01	1.651888e+03	3.112327e+35	4.044201e-01	3.872799e-02	9.661750e-24	3
1.726916e+00	1.036000e+01	1.645143e+03	3.190956e+35	4.036032e-01	3.873262e-02	9.660263e-24	3
1.732592e+00	1.041000e+01	1.638339e+03	3.271270e+35	4.025610e-01	3.874706e-02	9.656513e-24	3
1.737489e+00	1.046000e+01	1.631471e+03	3.352157e+35	4.012289e-01	3.877189e-02	9.656108e-24	3
1.741133e+00	1.051000e+01	1.624527e+03	3.430314e+35	3.994298e-01	3.880792e-02	9.654015e-24	3
1.742337e+00	1.056000e+01	1.617495e+03	3.515183e+35	3.967241e-01	3.885635e-02	9.653960e-24	3
